5.1108793934908048e-01 4.5328398479534972e-04 1.0946515938006694e-01 3.3215217215675121e+00 8.2084998623898800e-02 2.4994059816778620e+01 9.1234845123518207e+03 -3.346658e-10 6.339988e-08 7.5544757660712548e+01
9.6333039750838394e-03 2.4660686407860995e-04 1.2386872907728949e-02 1.8847570624893863e-02 4.4689078023923023e-02 5.3296163973833033e-01 1.3412781119451357e-02 2.742160e-02 3.989646e-03
3.552706e-04 3.662625e-03 4.077079e-05 3.473727e-04 2.432353e-03 7.039554e-05 -5.988655e-06
3.662625e-03 2.959849e-01 -2.123985e-03 4.670274e-03 -8.672708e-02 3.957578e-03 -4.655257e-04
4.077079e-05 -2.123985e-03 1.534346e-04 4.605722e-05 6.635664e-03 -1.826849e-04 9.909928e-06
3.473727e-04 4.670274e-03 4.605722e-05 3.552309e-04 2.636189e-03 6.186716e-05 -7.235331e-06
2.432353e-03 -8.672708e-02 6.635664e-03 2.636189e-03 2.963980e-01 -6.493182e-03 4.279030e-04
7.039554e-05 3.957578e-03 -1.826849e-04 6.186716e-05 -6.493182e-03 4.546930e-04 -1.280826e-05
-5.988655e-06 -4.655257e-04 9.909928e-06 -7.235331e-06 4.279030e-04 -1.280826e-05 1.799027e-04