4.4455049034947652e-01 9.0215346799412115e-04 1.0920212131066186e-01 6.1730161090575821e+00 8.2084150406237372e-02 2.4992180818720929e+01 9.1234867258202084e+03 -5.560165e-11 6.326399e-08 7.8134784246497077e+01
1.2530464306028182e-02 6.8441741608289545e-04 4.8395383688762707e-03 1.6718255507068725e-02 1.8119577977042108e-02 1.9576172906608397e-01 1.3580890213831397e-02 1.076430e-02 1.992877e-03
7.944968e-04 -5.253677e-03 -4.159642e-05 1.496254e-04 -1.003692e-03 1.673384e-04 -1.414950e-06
-5.253677e-03 5.755476e-01 1.469690e-03 -9.261859e-03 6.215265e-02 -1.415266e-03 1.346059e-03
-4.159642e-05 1.469690e-03 2.342113e-05 -5.437684e-05 1.037708e-03 -1.753849e-05 9.722529e-06
1.496254e-04 -9.261859e-03 -5.437684e-05 2.795001e-04 -2.281715e-03 5.477316e-05 -2.774786e-05
-1.003692e-03 6.215265e-02 1.037708e-03 -2.281715e-03 4.872788e-02 -4.904160e-04 4.642711e-04
1.673384e-04 -1.415266e-03 -1.753849e-05 5.477316e-05 -4.904160e-04 6.135462e-05 -3.416891e-06
-1.414950e-06 1.346059e-03 9.722529e-06 -2.774786e-05 4.642711e-04 -3.416891e-06 1.844406e-04